3
0
6
9
4
6
4
7
8
6
6
4
4
6
2
9
5
0
8
16
10
4
1
3
0
4
0
0
6
4
6
7
7
9
3
4
8
7
6
7
0
4
1
2
4
4
7
8
0
2
3
3
2
7
5
16
5
3
8
7
2
3
6
7
7
7
6
7
7
12
9
6
3
6
4
4
4
7
5
4
3
8
3
7
7
5
6
7
3
7
5
0
8
8
1
1
8
9
8
6
9
2
9
1
8
2
5
5
2
4
2
9
8
3
8
0
19
5
6
3
5
4
4
4
3
6
15
4
7
6
8
17
1
0
9
7
4
6
7
5
1
3
1
7
6
4
1
0
3
6
6
9
12
9
5
1
9
7
5
8
1
5
9
9
4
3
3
2
13
3
8
4
2
8
17
2
9
6
2
5
0
9
10
4
6
3
3
0
0
3
0
9
1
8
2
1
1
1
4
0
1
1
1
6
7
4
7
12
6
9
4
0
0
11
6
8
17
3
4
6
3
4
1
5
9
0
8
8
1
2
1
8
5
10
11
8
0
9
3
2
6
3
0
6
0
2
14
2
9
0
4
8
13
3
0
1
8
14
1
8
9
9
17
8
